1106580594192859137
1106788951646306305
1107195530430423041
1106788951646306305
1106788951646306305
1106788951646306305
1109897786414145537
1109182828978167809
1106788951646306305
1106788951646306305
1106788951646306305
1109897786414145537
1106788951646306305
1109182828978167809
1106788951646306305
1109015187814678529
1107195530430423041
1107195530430423041
1107195530430423041
1107195530430423041
1107195530430423041
1107195530430423041
1107195530430423041
1107195530430423041
1107195530430423041
1107195530430423041
1107195530430423041
1109569925790621697
1107195530430423041
1107195530430423041
1107195530430423041
1107195530430423041
1109182828978167809
1109897786414145537
1107195530430423041
1107195530430423041
1106132955521400833
1108347646817673217
1109015187814678529
1107195530430423041
1105997406353522689
1107195530430423041
1107195530430423041
1107195530430423041
1109220178013773825
1109569925790621697
1108347646817673217
1106788951646306305
1106788951646306305
1106788951646306305
1106788951646306305
1106788951646306305
1106788951646306305
1106788951646306305
1106132955521400833
1107195530430423041
1106788951646306305
1106788951646306305
1106788951646306305
1106788951646306305
1106788951646306305
1106788951646306305
1106788951646306305
1106788951646306305
1106788951646306305
1106788951646306305
1106788951646306305
1106788951646306305
1106788951646306305
1106788951646306305
1106788951646306305
1106788951646306305
1106788951646306305
1107195530430423041
1107195530430423041
1109569925790621697
1109152764207112193
1106788951646306305
1109895896628518913
1106788951646306305
1106788951646306305
1106788951646306305
1106788951646306305
1106788951646306305
1106788951646306305
1106788951646306305
1106788951646306305
1106788951646306305
1106788951646306305
1106788951646306305
1106788951646306305
1106788951646306305
1106788951646306305
1106788951646306305
1106788951646306305
1106788951646306305
1066693920109592577
1067098540388614145
1067164682884980737
1068225161849962497
1069652912058359809
1070918793539321857
1071439687172988929
1072934645029675009
1073275562353770497
1073357991366115329
1073527522315214849
1073630670249803777
1073635343174230017
1073763470638587905
1076292931498041345
1077392614924500993
1077533524211548161
1078840362500628481
1079421797993291777
1079443822585585665
1079529069096493057
1080372531953934337
1080568348102901761
1081614464697245697
1081700673280811009
1082081173023498241
1082403329930436609
1082513865208782849
1082732186986356737
1082987514202177537
1083134951839522817
1084733160709963777
1084774426755751937
1084941140206297089
1084946328526798849
1084965535620554753
1085037313113989121
1085136578398142465
1085375825256407041
1085569923418431489
1085868543904595969
1086221796374757377
1086443554126192641
1087658480115138563
1088435044561985537
1088436968707334145
1088469198141923329
1088594233229844481
1088659551092498433
1088695903695683585
1088756651713118209
1089357672256643073
1090696739980337153
1090882797963591681
1091242063387967489
1091452585504948225
1091675820725116929
1091720419665518593
1091827278451859457
1092068689973624833
1093493519604293633
1093976514446524417
1094937075292356609
1096379875066159105
1097050611518849027
1097551817022414849
1097715747334160385
1099793274554851329
1100538983956643841
1100908591662276609
1103724990696816641
1104070512225853441
1105397416602157057
1106452879045328897
1106788951646306305
1106788951646306305
1106788951646306305
1107195530430423041
1107195530430423041
1107195530430423041
1107195530430423041
1107195530430423041
1107195530430423041
1108514119750057985
1108585072609779713
1108963235890266115
1109275394113347585
1112358596516315137
1112389932597714945
1113295552221880321
1114615447211548673
1114729796420829185
1115133420267438081
1115391702420742145
1117223523152355329
1118519813001781249
1120252299729756161
1120816624072712193
1121953725254262785
1122033405487538177
1123364673550606337
1123365566903803905
1123625979360911361
1126784395231174657
1126954544655572993
1127768458138025985
1128352986007134209
1130273420504006657
1109152764207112193
1110207298937364481
1106788951646306305
1109137611562491905
1065529399856807937
1065543521709277185
1065955632411287553
1066500990178648065
1066910180302872577
1067016936009998337
1067114277148786689
1067185779764330497
1067376373233057793
1067416402328248321
1067417501839892481
1067476428791193601
1067483438177812481
1067622011002642433
1067714473058590721
1067750550783885313
1067813188586930177
1068105246363058177
1068853738903674881
1068954172418924545
1069568730699374593
1069812856640462849
1069852473418809345
1070148173327196161
1070149410277793793
1070167071183314945
1070241356937666561
1070375222478348289
1070474212884586497
1070481119191990273
1070501563236319233
1070528741789376513
1070595811998662657
1070707824745742337
1070991636184653825
1071414089167896577
1072448867048644609
1072649115603845121
1072762880697589761
1072941139020234753
1072968283213545473
1073226943323979777
1073283877410463745
1073315797607399425
1073336791407534081
1073431246328307713
1073518588783247361
1073814357411127297
1073830884445265921
1073856585529573377
1073864144672022529
1073907953338433537
1073934960092782593
1074407681373257729
1075520112262668289
1075610134777184257
1075749978912333825
1076007367712464897
1076097596385402881
1076226892080881665
1076300902957334529
1076537366676791297
1076556333252370433
1076619761329381377
1076682845809025025
1076713288537235457
1076780633624420353
1076838495423848449
1077347638026969089
1077493838713724929
1078561567583526913
1078707459032629249
1078914579535503361
1079163859437379585
1079589061199683585
1079702826293420033
1079753060230897665
1079810544073187329
1079825524919132161
1080108477364576257
1080286048492478465
1080536256107257857
1080919676427706369
1081775749309145089
1081889995439235073
1081985893469011969
1082054819104169985
1082162743042392065
1082198786407931905
1082209163048919041
1082243419708071937
1082288396605595649
1082448341187715073
1083110006669459457
1083130863030657025
1083209478112026625
1083522392249360385
1084495597478887425
1084590705234698241
1084700656397475841
1084781367422885889
1084796691866206209
1084807686982483969
1084900561355300865
1084906230712115201
1084981238020988929
1084988419206307841
1085018587056586753
1085067584043507713
1085116512310935553
1085126992031145985
1085150665890873345
1085399327317450753
1085538690416271361
1085614934675709953
1085739797964931073
1085813808841367553
1085858201623339009
1085914585954009089
1086697266434293761
1087401160034500609
1087421157402238977
1087499016569364481
1087534819416760321
1087848008431984641
1087984416593305601
1088247955786571777
1088335847997333505
1088436590750212097
1088471946920992769
1088501290137567233
1088689822021992449
1088732221939130369
1088746343791607809
1088810459063410689
1088944290244345857
1089252737615683585
1089429655908532225
1090436224444022785
1090697324095889409
1090732164870594561
1090939628970844161
1090996975374180353
1091091395935215617
1091185163661238273
1091208219045666817
1091362425551470593
1091554324690255873
1091586519765114881
1091694237544882177
1091869781448220673
1092289623091331073
1092420877291905025
1092482587382038529
1093381644296175617
1093620753715462145
1093718026134790145
1093728162257600513
1093841583753961473
1093915285392760833
1094230604711772161
1094428035768434689
1094459681087463425
1094484729336725505
1094524105596911617
1094632373132500993
1094676250518388739
1094681988594712577
1094748337249501185
1094778951776370689
1094818499835248641
1096697977523978241
1096757900907692033
1096758897340104705
1096845724398944257
1096975672929460225
1096983919266660353
1097085280494845953
1097287247036981249
1097362941540597761
1097387440034054145
1097406990725201921
1098010485169889281
1099791247330287617
1099930782227800065
1099984830096261121
1100140410991591425
1100181402159456257
1100305372095488001
1100536406976274433
1100823379511115777
1102551536912072705
1102712546646073345
1103075969598799873
1103111153970880513
1103119778265210881
1103505328889446401
1103799379530383361
1103852774563807233
1103861020901031937
1104248976706936833
1104296942901690369
1105361338876862465
1105436586703896577
1105619380511997953
1105726308017807361
1105762076505448449
1105905734571565057
1105943221046116353
1106214731698700289
1106405462606381057
1106788951646306305
1106788951646306305
1106788951646306305
1106788951646306305
1106788951646306305
1106788951646306305
1107195530430423041
1107195530430423041
1107195530430423041
1107195530430423041
1107195530430423041
1107277547125907457
1108347646817673217
1108713268793647105
1108785939640279041
1108911043447693313
1109015187814678529
1109137611562491905
1109307692267397121
1109701179991187457
1109720868121288705
1110103807405383681
1110207298937364481
1111575125762056195
1112006306118819841
1112062896607920129
1112449959060643841
1112716865508270081
1112874507987910657
1113071011331645441
1113138356418830337
1113331836105580545
1114297550912167937
1114689973484068865
1114821846159908865
1114851842211520513
1115140360934588417
1115371395815366657
1115442486114050049
1115489249717968897
1115649434818248705
1115846934594379777
1116148132060930049
1116287014123397121
1117242695886381057
1117475414394331137
1118001461988761601
1118449890934185985
1118598015766298625
1118758991140560897
1118937971017719809
1119301050373054465
1120512918345285633
1120634792337268737
1120661592933195777
1120833803941912577
1120847169880129537
1120872321208606721
1121296148581384193
1122536741294907393
1123258158361673729
1123302104467046401
1123531971116720129
1123716792149417985
1123801523264225281
1123804409482240001
1123819115450269697
1123875499780923393
1123924221889929217
1124023315375398913
1125082866627452929
1126515633357643777
1126561812846018561
1126691211620704257
1126958221147570177
1127160737445519361
1127331952021790721
1127446747907686401
1127856075470864385
1127866005435260929
1128207884832022529
1129035370411130881
1129164528667656193
1129524309488099329
1129632851901603841
1129755275649409025
1129797744286040067
1129853475781672961
1130063963538907139
1130155772759834625
1130286442844839937
1130390518492364801
1130707693237239809
1105852683135516673
1107195530430423041
1107195530430423041
1109895896628518913
1105943221046116353
1107195530430423041
1107195530430423041
1107195530430423041
1106974734751678465
1106788951646306305
1106974734751678465
1109741415244816385
1106032796884041729
1105852683135516673
1106788951646306305
1105943221046116353
1106788951646306305
1107195530430423041
1106032796884041729
1109808588533334017
1108552499577815041
1107195530430423041
1108552499577815041
1107195530430423041
1105997406353522689
1109808588533334017
1106788951646306305
1106788951646306305
1106788951646306305
1106788951646306305
1106788951646306305
1106788951646306305
1106025993655853057
1109741415244816385
1107195530430423041
1107195530430423041
1105997406353522689
1107195530430423041
1106788951646306305
1106788951646306305
1106788951646306305
1106788951646306305
1106788951646306305
1107195530430423041
1107195530430423041
1107195530430423041
1107195530430423041
1107195530430423041
1107195530430423041
1107195530430423041
1107195530430423041
1082411267030007809
1091644519003463681
1106580594192859137
1107195530430423041
1107195530430423041
1105943221046116353
1108347646817673217
1109015187814678529
1106788951646306305
1107195530430423041
1107195530430423041
1106788951646306305
1107195530430423041
1106788951646306305
1106788951646306305
1082411267030007809
1082411267030007809
1091644519003463681
1108911043447693313
1091644519003463681
1091644519003463681